repo_owner,repo_name,contributor_login,contributions,login,id,node_id,avatar_url,gravatar_id,url,html_url,followers_url,following_url,gists_url,starred_url,subscriptions_url,organizations_url,repos_url,events_url,received_events_url,type,user_view_type,site_admin,contributions
anshupas,Analysis_pipelines,anshupas,4,anshupas,11360905,MDQ6VXNlcjExMzYwOTA1,https://avatars.githubusercontent.com/u/11360905?v=4,,https://api.github.com/users/anshupas,https://github.com/anshupas,https://api.github.com/users/anshupas/followers,https://api.github.com/users/anshupas/following{/other_user},https://api.github.com/users/anshupas/gists{/gist_id},https://api.github.com/users/anshupas/starred{/owner}{/repo},https://api.github.com/users/anshupas/subscriptions,https://api.github.com/users/anshupas/orgs,https://api.github.com/users/anshupas/repos,https://api.github.com/users/anshupas/events{/privacy},https://api.github.com/users/anshupas/received_events,User,public,False,4
