login,avatarUrl,url,starredAt
AZREALH,https://avatars.githubusercontent.com/u/67031266?u=ceeb4132c3433f552ece569ef192fd1d108ba6c0&v=4,https://github.com/AZREALH,2024-01-25T14:02:19Z
DieTANG,https://avatars.githubusercontent.com/u/23044815?u=77fd1d6d875164c772e29e5b2ae86ceccc0105ac&v=4,https://github.com/DieTANG,2024-01-30T18:51:47Z
MarkusFranke,https://avatars.githubusercontent.com/u/41963496?v=4,https://github.com/MarkusFranke,2024-06-23T14:44:29Z
