subscriber_login,subscriber_id,subscriber_url
CamelCaseCam,MDQ6VXNlcjgwNzAwOTAx,https://github.com/CamelCaseCam
