subscriber_login,subscriber_id,subscriber_url
apastore,MDQ6VXNlcjY1MjgzMTA=,https://github.com/apastore
ataudt,MDQ6VXNlcjc0NjUzOTI=,https://github.com/ataudt
luisas,MDQ6VXNlcjIzMTMxNDU3,https://github.com/luisas
Trecek,MDQ6VXNlcjM2ODE4Mjkw,https://github.com/Trecek
