subscriber_login,subscriber_id,subscriber_url
jawa23bio,U_kgDOCJ3kpw,https://github.com/jawa23bio
