subscriber_login,subscriber_id,subscriber_url
iromeo,MDQ6VXNlcjcyOTMz,https://github.com/iromeo
olegs,MDQ6VXNlcjc1NjQ0,https://github.com/olegs
SergeyZh,MDQ6VXNlcjI0OTk1NQ==,https://github.com/SergeyZh
dmitriev200,MDQ6VXNlcjY0MDEyMA==,https://github.com/dmitriev200
jhcloos,MDQ6VXNlcjg0MTAzOQ==,https://github.com/jhcloos
dievsky,MDQ6VXNlcjE5MjYwNzQ=,https://github.com/dievsky
konsolerr,MDQ6VXNlcjI1NTU4NTk=,https://github.com/konsolerr
varsy,MDQ6VXNlcjQ0OTg5NTQ=,https://github.com/varsy
PetrTsurinov,MDQ6VXNlcjUyODU4MzQ=,https://github.com/PetrTsurinov
JetBrains-Billing,MDQ6VXNlcjEwMTY3NDQy,https://github.com/JetBrains-Billing
eemailme,MDQ6VXNlcjMyMzA5OTc5,https://github.com/eemailme
