subscriber_login,subscriber_id,subscriber_url
jhcloos,MDQ6VXNlcjg0MTAzOQ==,https://github.com/jhcloos
PEHGP,MDQ6VXNlcjQxNDYwNzk=,https://github.com/PEHGP
hongduosun,MDQ6VXNlcjE0MzQyNjIw,https://github.com/hongduosun
chiefcat,MDQ6VXNlcjMxOTc5NjI2,https://github.com/chiefcat
