subscriber_login,subscriber_id,subscriber_url
Xie-QianWen,U_kgDOBkMH5g,https://github.com/Xie-QianWen
