login,avatarUrl,url,starredAt
Robles-Flores,https://avatars.githubusercontent.com/u/133835485?u=90ae67251e0874d57f900b7e038ce4ee3ddbc92c&v=4,https://github.com/Robles-Flores,2023-05-17T03:10:56Z
