login,avatarUrl,url,starredAt
zhangjing1589,https://avatars.githubusercontent.com/u/16370546?u=fad68c2643420a6801d9cdf2646ecc2ddbd65ead&v=4,https://github.com/zhangjing1589,2018-06-13T08:15:46Z
lyshaerbin,https://avatars.githubusercontent.com/u/29162632?u=359fb718534bad640793fcf7764e584e3c80e2a4&v=4,https://github.com/lyshaerbin,2018-07-11T13:07:07Z
zhouliuyi,https://avatars.githubusercontent.com/u/34858415?u=fa94f4368594d6bca7411eae658581da39f2a1dd&v=4,https://github.com/zhouliuyi,2018-07-29T02:27:05Z
ShixiangWang,https://avatars.githubusercontent.com/u/25057508?u=a855b7985c412f519141b4eb9a73cf5e35b00847&v=4,https://github.com/ShixiangWang,2018-08-03T00:52:49Z
paradoxechen,https://avatars.githubusercontent.com/u/42991957?v=4,https://github.com/paradoxechen,2018-09-11T16:24:58Z
slw287r,https://avatars.githubusercontent.com/u/4134899?u=97d349892c57f644d09ebc2d55f66c9c51c95e7b&v=4,https://github.com/slw287r,2018-11-12T01:49:58Z
xchromosome,https://avatars.githubusercontent.com/u/10695699?v=4,https://github.com/xchromosome,2019-01-04T06:54:00Z
ChongJenniferZhang,https://avatars.githubusercontent.com/u/26396335?u=689ac60c225be0d9313ea5f395df9a5bbba04fcd&v=4,https://github.com/ChongJenniferZhang,2019-06-04T08:59:02Z
liangdp1984,https://avatars.githubusercontent.com/u/44798910?u=3c47b49d8588aab7f0fcf258e0f2e7fea430e18e&v=4,https://github.com/liangdp1984,2019-08-30T02:41:49Z
Al3n70rn,https://avatars.githubusercontent.com/u/7470386?v=4,https://github.com/Al3n70rn,2019-09-30T15:06:53Z
kojix2,https://avatars.githubusercontent.com/u/5798442?u=f23bf98aa1cd2d3e5115cf26102b1dfea6a72a2c&v=4,https://github.com/kojix2,2020-01-06T05:40:07Z
wt12318,https://avatars.githubusercontent.com/u/39486023?u=ee680b1541b21e7659f17e0370fe32be249fdab1&v=4,https://github.com/wt12318,2020-02-15T07:19:07Z
nishuai,https://avatars.githubusercontent.com/u/10407730?u=ecdbef7d341db953a5c2002d67864ec0ff99adc6&v=4,https://github.com/nishuai,2020-03-10T05:23:56Z
pyc1216,https://avatars.githubusercontent.com/u/21119870?v=4,https://github.com/pyc1216,2020-04-20T09:22:06Z
jxshi,https://avatars.githubusercontent.com/u/28937112?v=4,https://github.com/jxshi,2020-05-10T16:19:58Z
kokyriakidis,https://avatars.githubusercontent.com/u/33731293?u=90deb173706c5a5918eb538339361104ddc7ed12&v=4,https://github.com/kokyriakidis,2020-05-16T11:12:26Z
giannimonaco,https://avatars.githubusercontent.com/u/11880848?u=b7538ca3c7839c1bd563ec2a30b2f489f46a1ec4&v=4,https://github.com/giannimonaco,2020-06-24T20:33:41Z
Xudeh,https://avatars.githubusercontent.com/u/51081545?v=4,https://github.com/Xudeh,2020-07-08T19:06:04Z
iichelhadi,https://avatars.githubusercontent.com/u/59079565?v=4,https://github.com/iichelhadi,2020-08-19T10:48:02Z
zhiyhu,https://avatars.githubusercontent.com/u/12580251?u=44ea552e43dd49590cabe595f2e171e22834b8f1&v=4,https://github.com/zhiyhu,2020-09-21T15:17:19Z
chjp,https://avatars.githubusercontent.com/u/2070487?v=4,https://github.com/chjp,2020-11-18T21:13:27Z
xupengfei1009,https://avatars.githubusercontent.com/u/34528721?u=6cb6f1dba6f25f5e47150e63f95357051ce748f2&v=4,https://github.com/xupengfei1009,2020-11-23T14:28:34Z
xchromosome219,https://avatars.githubusercontent.com/u/13046250?u=1a22111ae9ce162467d0a3b68135bc81f5452195&v=4,https://github.com/xchromosome219,2021-02-27T16:29:04Z
yujijun,https://avatars.githubusercontent.com/u/41623176?u=6c9516d173443a96c1e322201ee1df92b9da9663&v=4,https://github.com/yujijun,2021-03-04T14:09:23Z
mywanuo,https://avatars.githubusercontent.com/u/60892668?u=2713fbdf0afa537fcd7e517f3f3976bf6001ec2a&v=4,https://github.com/mywanuo,2021-05-29T01:47:26Z
zhangyz1997,https://avatars.githubusercontent.com/u/22343073?v=4,https://github.com/zhangyz1997,2022-10-17T01:49:44Z
rnaimehaom,https://avatars.githubusercontent.com/u/96264579?v=4,https://github.com/rnaimehaom,2023-01-18T21:55:02Z
Yunuuuu,https://avatars.githubusercontent.com/u/19575010?v=4,https://github.com/Yunuuuu,2023-07-31T04:31:13Z
orancl,https://avatars.githubusercontent.com/u/80228927?u=3992573edb7743c8c9f24d591db13de69286d024&v=4,https://github.com/orancl,2023-08-30T19:47:32Z
