subscriber_login,subscriber_id,subscriber_url
aquaskyline,MDQ6VXNlcjg5NTI4OQ==,https://github.com/aquaskyline
vinayakvsv,MDQ6VXNlcjE1MDkyNDE2,https://github.com/vinayakvsv
JasonCLEI,MDQ6VXNlcjM1MjEwNzQw,https://github.com/JasonCLEI
